0;4;0;2;0;8;0;2;10;0;0;6;0;2;0;9;0;0;0;4;
2;0;0;9;4;0;0;10;0;0;0;4;0;2;0;2;0;4;0;0;
2;0;0;2;0;0;10;0;9;0;2;0;0;2;0;0;6;0;0;10;
0;4;0;0;9;0;0;10;0;0;2;0;8;0;2;0;0;0;8;0;
0;0;0;6;0;0;0;2;0;8;0;0;10;0;0;6;0;4;0;0;
2;0;4;0;0;2;0;0;9;0;0;0;6;0;0;8;0;0;2;0;
0;0;6;0;0;12;0;0;6;0;0;4;0;0;12;0;0;0;0;2;
0;4;0;0;2;0;0;0;0;2;14;0;0;0;4;0;0;8;0;0;
0;0;6;0;0;8;0;0;0;4;0;0;10;0;0;6;0;0;4;0;
0;0;0;2;0;0;4;0;0;0;0;8;0;0;0;6;0;2;0;0;
8;0;0;0;6;0;0;0;12;0;0;8;0;0;4;0;0;0;2;4;
0;2;0;4;0;0;0;8;0;0;0;0;6;0;0;0;12;0;0;4;
0;0;4;0;0;8;0;0;0;4;0;0;0;2;0;0;0;2;0;0;
0;2;6;0;0;0;10;0;0;0;6;0;0;0;0;0;8;0;0;2;
2;0;0;8;0;0;0;6;0;0;0;0;0;0;0;12;0;0;6;0;
0;0;4;0;0;6;0;0;0;0;10;0;0;0;0;0;8;0;0;0;
0;0;0;8;0;0;0;0;0;2;0;0;0;4;0;0;0;0;4;0;
0;4;0;0;0;6;0;0;0;2;0;0;0;0;10;0;0;0;0;2;
2;0;0;0;0;4;0;0;0;0;6;0;0;0;10;0;0;4;0;0;
0;4;0;0;0;0;10;0;0;0;6;0;0;8;0;0;0;4;2;0;